300000
300001
300002
300004
300005
300006
300007
300008
300010
300011
300012
300013
300014
300015
300016
300017
300018
300019
300020
300021
300025
300026
300027
300028
300029
300030
300031
300032
300035
300036
300038
300039
300040
300041
300042
300043
300044
300045
300047
300048
300049
300050
300051
300052
300053
300054
300055
300056
300057
300058
300059
300060
300061
300062
300063
300064
300065
300066
300067
300068
300069
300070
300071
300072
300073
300074
300075
300076
300077
300078
300079
300080
300081
300082
300083
300084
300085
300087
300088
300089
300090
300091
300092
300093
300094
300095
300096
300097
300098
300099
300101
300103
300104
300105
300106
300107
300108
300109
300110
300112
300113
300114
300115
300116
300117
300118
300119
300120
300122
300123
300124
300125
300126
300127
300128
300129
300130
300131
300132
300134
300136
300137
300138
300139
300140
300141
300142
300143
300144
300145
300146
300147
300148
300149
300150
300151
300152
300153
300154
300155
300156
300157
300158
300159
300160
300161
300162
300163
300164
300165
300167
300168
300169
300170
300171
300172
300173
300175
300176
300177
300178
300179
300180
300181
300182
300183
300184
300186
300187
300188
300190
300191
300193
300194
300195
300196
300197
300198
300199
300200
300201
300202
300203
300204
300205
300206
300207
300208
300209
300210
300211
300212
300213
300215
300216
300217
300218
300219
300220
300221
300222
300223
300224
300225
300226
300227
300228
300229
300230
300231
300232
300233
300234
300235
300236
300237
300238
300239
300240
300241
300242
300243
300244
300246
300247
300248
300249
300250
300251
300252
300253
300254
300255
300256
300257
300258
300259
300260
300261
300262
300264
300265
300266
300267
300270
300271
300272
300273
300274
300275
300276
300277
300278
300279
300280
300281
300282
300283
300284
300285
300286
300288
300289
300290
300291
300292
300293
300294
300295
300296
300297
300299
300300
300301
300302
300303
300304
300305
300307
300308
300309
300310
300311
300312
300313
300314
300315
300316
300317
300319
300320
300321
300322
300323
300324
300325
300326
300327
300328
300329
300331
300332
300333
300334
300335
300336
300337
300338
300339
300340
300342
300343
300344
300345
300346
300347
300348
300349
300350
300351
300352
300353
300354
300355
300356
300357
300358
300359
300360
300361
300362
300364
300365
300366
300368
300369
300370
300371
300372
300373
300374
300375
300376
300378
300379
300380
300381
300382
300383
300384
300385
300386
300387
300388
300389
300391
300392
300393
300394
300395
300396
300397
300399
300400
300401
300402
300403
300404
300405
300406
300407
300408
300409
300410
300411
300412
300413
300414
300415
300416
300417
300418
300419
300420
300421
300422
300423
300424
300425
300426
300427
300428
300429
300430
300431
300432
300433
300434
300435
300436
300437
300438
300439
300440
300441
300442
300444
300445
300446
300447
300448
300450
300451
300452
300453
300454
300455
300456
300457
300458
300459
300460
300461
300462
300463
300464
300465
300466
300467
300468
300469
300470
300471
300472
300473
300475
300476
300477
300478
300479
300480
300481
300482
300483
300484
300485
300486
300487
300489
300490
300491
300492
300493
300494
300495
300498
300499
300500
300501
300502
300503
300504
300505
300506
300507
300508
300509
300510
300511
300512
300513
300514
300515
300516
300517
300518
300519
300521
300522
300523
300524
300525
300526
300527
300528
300529
300530
300531
300532
300533
300534
300535
300536
300537
300538
300539
300540
300541
300542
300543
300545
300546
300547
300548
300550
300551
300552
300553
300554
300555
300556
300557
300558
300559
300560
300561
300562
300563
300564
300565
300566
300567
300568
300569
300570
300571
300572
300573
300574
300575
300576
300577
300578
300579
300580
300581
300582
300583
300584
300585
300586
300587
300588
300589
300590
300591
300592
300593
300594
300595
300596
300597
300598
300599
300600
300601
300602
300603
300604
300606
300607
300608
300610
300612
300613
300620
300621
300622
300624
300625
300626
300627
300628
300629
300630
300631
300632
300633
300635
300636
300637
300639
300640
300641
300642
300644
300645
300646
300648
300650
300651
300652
300653
300655
300656
300657
300658
300659
300660
300661
300662
300663
300666
300667
300668
300669
300670
300671
300672
300673
300674
300675
300676
300677
300678
300679
300680
300681
300682
300683
300685
300686
300687
300689
300690
300691
300692
300693
300694
300695
300696
300697
300698
300699
300700
300702
300703
300704
300706
300707
300708
300709
300710
300711
300713
300714
300715
300716
300717
300718
300719
300720
300721
300722
300723
300725
300727
300728
300729
300730
300731
300732
300733
300734
300735
300736
300737
300738
300739
300740
300741
300742
300743
300744
300745
300746
300747
300748
300749
300750
300751
300752
300753
300754
300755
300756
300757
300758
300759
300760
300761
300762
300763
300764
300768
300769
300770
300771
300773
300774
300775
300776
300777
300778
300779
300780
300781
300782
300783
300784
300785
300786
300787
300789
300790
300791
300792
300793
300795
300796
300797
300798
300799
300800
300801
300802
300803
300804
300805
300806
300807
300808
300809
300810
300811
300812
300813
300814
300815
300816
300817
300818
300819
300820
300821
300822
300823
300824
300825
300826
300827
300828
300829
300831
300832
300833
300834
300835
300836
300837
300838
300843
300844
300845
300846
300847
300849
300850
300851
300852
300853
300854
300855
300856
300857
300858
300859
300860
300861
300862
300863
300864
300868
300869
300870
300873
300874
300875
300876
300877
300878
300879
300880
300881
300882
300883
300884
300885
300886
300887
300888
300889
300890
300891
300892
300893
300894
300895
300896
300897
300898
300899
300900
300901
300902
300903
300904
300905
300907
300908
300909
300910
300911
300912
300913
300915
300916
300917
300918
300919
300920
300921
300922
300923
300924
300925
300926
300927
300928
300929
300931
300932
300933
300934
300935
300936
300937
300938
300939
300940
300941
300942
300943
300944
300945
300946
300949
300950
300951
300952
300953
300954
300955
300956
300958
300959
300960
300961
300962
300963
300964
300965
300966
300967
300968
300969
300970
300971
300972
300973
300974
300976
300977
300978
300980
300981
300982
300983
300984
300985
300986
300987
300988
300989
300990
300991
300992
300993
300994
300995
300996
300997
301000
301001
301002
301003
301004
301005
301006
301007
301008
301009
301010
301011
301012
301013
301014
301015
301016
301017
301018
301019
301020
301021
301023
301025
301026
301027
301028
301029
301030
301031
301032
301033
301034
301035
301036
301037
301038
301039
301040
301041
301042
301043
301044
301045
301046
301047
301048
301049
301050
301054
301055
301060
301061
301062
301063
301065
301066
301067
301068
301069
301070
301073
301074
301075
301076
301077
301078
301079
301080
301081
301082
301083
301084
301085
301086
301087
301088
301089
301090
301091
301092
301093
301094
301095
301096
301100
301101
301103
301104
301105
301106
301107
301108
301109
301110
301111
301112
301113
301115
301116
301117
301118
301119
301120
301121
301122
301123
301124
301125
301126
301127
301128
301129
301130
301131
301133
301134
301135
301136
301137
301138
301139
301140
301141
301142
301143
301144
301145
301146
301147
301149
301150
301151
301152
301153
301154
301155
301157
301158
301159
301160
301161
301162
301164
301165
301166
301167
301169
301170
301171
301173
301174
301175
301176
301177
301179
301180
301181
301182
301183
301184
301185
301186
301187
301188
301189
301191
301192
301193
301194
301196
301199
301200
301201
301203
301204
301205
301206
301207
301208
301209
301210
301211
301212
301213
301215
301216
301217
301218
301219
301220
301222
301223
301225
301226
301227
301228
301229
301230
301231
301232
301233
301234
301235
301236
301237
301238
301239
301240
301241
301242
301243
301244
301245
301246
301247
301248
301249
301250
301253
301255
301256
301257
301258
301259
301260
301261
301263
301264
301265
301266
301267
301268
301269
301271
301272
301273
301274
301275
301276
301278
301279
301280
301282
301283
301284
301288
301289
301290
301291
301293
301295
301296
301297
301299
301300
301301
301302
301303
301304
301305
301306
301307
301311
301312
301313
301314
301315
301316
301317
301318
301319
301320
301321
301322
301323
301324
301325
301326
301327
301328
301329
301330
301331
301332
301333
301334
301335
301336
301337
301338
301340
301341
301342
301343
301344
301345
301346
301347
301348
301349
301350
301351
301352
301353
301354
301355
301356
301357
301358
301359
301360
301361
301363
301364
301365
301366
301367
301368
301369
301370
301371
301372
301373
301374
301378
301379
301380
301381
301382
301383
301384
301385
301386
301387
301388
301389
301390
301391
301392
301393
301394
301395
301396
301397
301398
301399
301400
301401
301402
301403
301404
301405
301406
301407
301408
301409
301410
301411
301412
301413
301414
301415
301416
301417
301418
301419
301420
301421
301422
301423
301424
301425
301426
301427
301428
301430
301431
301432
301433
301434
301435
301436
301437
301438
301439
301440
301441
301442
301443
301444
301445
301446
301447
301448
301449
301450
301451
301452
301453
301455
301456
301457
301458
301459
301460
301461
301462
301464
301465
301466
301467
301468
301469
301470
301471
301472
301473
301474
301475
301476
301477
301478
301479
301480
301481
301483
301484
301485
301486
301487
301488
301489
301490
301491
301492
301493
301494
301495
301496
301497
301498
301499
301500
301501
301502
301503
301505
301506
301507
301508
301509
301510
301511
301512
301513
301514
301515
301516
301517
301518
301519
301520
301521
301522
301523
301524
301526
301527
301528
301530
301531
301532
301533
301534
301537
301538
301539
301540
301541
301542
301543
301544
301545
301546
301547
301548
301549
301551
301552
301553
301554
301555
301556
301557
301558
301559
301560
301561
301562
301563
301564
301565
301567
301568
301569
301570
301571
301572
301573
301574
301575
301576
301578
301579
301580
301581
301582
301583
301584
301586
301587
301588
301589
301590
301591
301592
301593
301595
301596
301597
301598
301599
301600
301601
301602
301603
301604
301606
301607
301608
301609
301611
301612
301613
301616
301617
301618
301619
301621
301622
301624
301626
301627
301628
301629
301630
301631
301632
301633
301634
301635
301636
301638
301639
301640
301641
301642
301643
301644
301645
301646
301647
301648
301649
301650
301651
301652
301653
301654
301655
301656
301657
301658
301659
301660
